5676
5716
5717
5718
5719
5747
5748
5749
5750
5751
5752
5753
5775
5776
5777
5778
5779
5780
5781
5806
5807
5808
5809
5810
5811
5812
5813
5840
5841
5842
5843
5844
5845
5874
5875
5876
5877
5878
5879
5907
5908
5909
5937
5938
5962
5963
5986
5987
5988
5989
6014
6015
6016
6040
6041
6070
6071
6072
6073
6115
6116
6117
6153
6154
6155
6194
6195
6196
6219
6220
6221
6250
6251
6252
6293
6294
6295
6323
6324
6325
6355
6356
6357
6380
6381
6382
6383
6406
6407
6408
6409
6433
6434
6435
6460
6461
6462
6485
6486
6487
6521
6522
6523
6550
6551
6552
6588
6589
6590
6591
6592
6593
6594
6595
6596
6625
6626
6627
6628
6649
6650
6673
6674
6695
6696
6717
6718
6761
6762
6804
6805
6806
6807
6808
6809
6810
6840
6841
6872
6873
6874
6875
6895
6896
6897
6898
6899
6900
6920
6921
6922
6923
6943
6944
6945
6946
6969
6970
6971
6972
6973
6974
6975
6976
7002
7003
7004
7005
7006
7007
7008
7009
7010
7011
7042
7043
7044
7045
7046
7047
7048
7049
7050
7051
7052
7088
7089
7090
7121
7122
7123
7158
7159
7160
7161
7190
7191
7192
7193
7217
7218
7219
7246
7247
7248
7249
7250
7251
7252
7253
7278
7279
7280
7281
7282
7283
7314
7315
7316
7317
7318
7319
7344
7345
7346
7347
7348
7349
7350
7387
7388
7389
7390
7391
7432
7433
7434
7467
7468
7498
7499
7500
7524
7525
7526
7527
7551
7552
7553
7554
7580
7581
7582
7583
7584
7610
7611
7612
7613
7614
7615
7636
7637
7638
7639
7640
7641
7642
7643
7665
7666
7667
7691
7692
7693
7694
7715
7716
7717
7718
7748
7749
7750
7751
7752
7753
7754
7755
7756
7757
7758
7759
7760
7761
7786
7787
7788
7789
7790
7791
7792
7793
7794
7795
7796
7797
7798
7823
7824
7825
7826
7827
7828
7829
7830
7831
7861
7862
7863
7864
7865
7866
7890
7891
7892
7893
7894
7895
7896
7897
7922
7923
7924
7925
7926
7927
7928
7929
7930
7953
7954
7955
7956
7957
7986
7987
7988
7989
7990
7991
7992
7993
8025
8026
8027
8028
8029
8030
8064
8065
8066
8067
8068
8069
8070
8089
8090
8091
8092
8113
8114
8115
8116
8139
8140
8141
8142
8168
8169
8170
8189
8190
8191
8192
8193
8208
8209
8234
8235
8255
8256
8257
8279
8280
8319
8320
8357
8358
8359
8394
8395
8396
8397
8437
8438
8439
8440
8441
8442
8443
8486
8487
8488
8489
8490
8491
8492
8520
8521
8522
8523
8555
8556
8557
8558
8615
8616
8617
8618
8656
8657
8658
8659
8686
8687
8688
8689
8712
8713
8714
8715
8716
8717
8737
8738
8739
8740
8741
8762
8763
8764
8765
8766
8767
8768
8769
8788
8789
8790
8791
8792
8793
8794
8795
8796
8797
8798
8815
8816
8817
8818
8819
8820
8821
8822
8823
8842
8843
8844
8845
8846
8847
8848
8849
8850
8851
8852
8853
8854
8855
8856
8857
8858
8859
8880
8881
8882
8883
8914
8915
8916
8917
8951
8952
8953
8954
8976
8977
8978
8979
9008
9009
9010
9038
9039
9069
9070
9071
9072
9073
9074
9109
9110
9111
9112
9113
9142
9143
9144
9181
9210
9237
9271
9272
9307
9308
9329
9330
9367
9392
9413
9414
9415
9416
9417
9437
9438
9439
9440
9463
9464
9465
9466
9467
9468
9498
9499
9500
9501
9502
9533
9534
9535
9536
9537
9538
9539
9540
9541
9542
9543
9544
9545
9566
9567
9568
9569
9590
9591
9592
9593
9617
9618
9619
9620
9640
9641
9642
9643
9668
9669
9670
9671
9706
9707
9708
9709
9745
9746
9747
9748
9749
9783
9784
9785
9786
9815
9816
9817
9818
9859
9860
9861
9862
9900
9901
9902
9903
9932
9933
9934
9935
9936
9988
9989
9990
9991
9992
10034
10035
10036
10037
10038
10039
10040
10078
10079
10080
10081
10082
10083
10084
10129
10130
10131
10132
10133
10164
10165
10166
10167
10207
10208
10209
10210
10211
10212
10248
10249
10250
10251
10292
10293
10294
10295
10296
