9004
9005
9006
9007
9034
9035
9036
9037
9065
9066
9067
9068
9105
9106
9107
9108
9138
9139
9140
9141
9177
9178
9179
9180
9206
9207
9208
9209
9233
9234
9235
9236
9267
9268
9269
9270
9302
9303
9304
9305
9306
9324
9325
9326
9327
9328
9364
9365
9366
9390
9391
9410
9411
9412
9434
9435
9436
9458
9459
9460
9461
9493
9494
9495
9496
9525
9526
9527
9528
9529
9530
9531
9559
9560
9561
9562
9563
9564
9583
9584
9585
9586
9587
9588
9611
9612
9613
9614
9615
9635
9636
9637
9638
9659
9660
9661
9662
9663
9664
9665
9666
9690
9691
9692
9693
9694
9695
9696
9697
9698
9699
9734
9735
9736
9737
9738
9739
9773
9774
9775
9776
9777
9778
9808
9809
9810
9811
9812
9813
9814
9852
9853
9854
9855
9856
9857
9858
9893
9894
9895
9896
9897
9898
9899
9922
9923
9924
9925
9926
9927
9928
9929
9930
9931
9976
9977
9978
9979
9980
9981
9982
9983
9984
9985
9986
9987
10027
10028
10029
10030
10031
10032
10033
10072
10073
10074
10075
10076
10077
10117
10118
10119
10120
10121
10122
10123
10124
10125
10126
10127
10128
10154
10155
10156
10157
10158
10159
10160
10161
10162
10163
10196
10197
10198
10199
10200
10201
10202
10203
10204
10205
10206
10241
10242
10243
10244
10245
10246
10247
10286
10287
10288
10289
10290
10291
10320
10321
10322
10323
10324
10325
10358
10359
10360
10361
10362
10363
10403
10404
10405
10406
10407
10408
10409
10463
10464
10465
10466
10467
10468
10469
10470
10471
10497
10498
10499
10500
10501
10502
10534
10535
10536
10537
10538
10539
10540
10582
10583
10584
10585
10586
10587
10631
10632
10633
10634
10635
10636
10637
10638
10639
10666
10667
10668
10669
10670
10671
10672
10696
10697
10698
10699
10700
10701
10702
10703
10704
10705
10706
10707
10708
10709
10710
10738
10739
10740
10741
10742
10743
10744
10745
10746
10797
10798
10799
10800
10801
10802
10803
10804
10805
10806
10807
10808
10860
10861
10862
10863
10864
10865
10866
10867
10868
10869
10870
10871
10872
10873
10874
10875
10876
10877
10878
10914
10915
10916
10917
10918
10919
10920
10954
10955
10956
10957
10958
11006
11007
11008
11009
11040
11041
11042
11043
11044
11045
11046
11047
11075
11076
11077
11078
11079
11080
11081
11082
11108
11109
11110
11111
11112
11113
11145
11146
11147
11148
11178
11179
11180
11181
11182
11212
11213
11214
11215
11216
11217
11218
11219
11220
11221
11222
11247
11248
11249
11250
11251
11252
11296
11297
11298
11299
11300
11301
11340
11341
11342
11343
11344
11371
11372
11373
11374
11438
11439
11440
11441
11442
11443
11444
11445
11510
11511
11512
11513
11514
11515
11516
11575
11576
11577
11578
11579
11580
11581
11582
11583
11584
11624
11625
11626
11627
11628
11629
11630
11631
11632
11633
11634
11635
11670
11671
11672
11673
11674
11675
11725
11726
11727
11728
11759
11760
11761
11762
11763
11791
11792
11793
11794
11825
11826
11827
11828
11868
11869
11870
11871
11872
11873
11874
11875
11876
11877
11917
11918
11919
11920
11921
11922
11923
11924
11925
11926
11927
11963
11964
11965
11966
11967
11968
11999
12000
12001
12002
12003
12046
12047
12048
12049
12050
12051
12088
12089
12090
12091
12092
12093
12142
12143
12144
12145
12146
12147
12148
12149
12150
12151
12188
12189
12190
12191
12192
12193
12194
12195
12247
12248
12249
12250
12251
12252
12253
12308
12309
12310
12311
12356
12357
12358
12359
12360
12435
12436
12437
12438
12439
12440
12441
12479
12480
12481
12482
12483
12527
12528
12529
12530
12531
12532
12533
12534
12535
12536
12576
12577
12578
12579
12580
12581
12582
12583
12584
12585
12586
12587
12588
12589
12590
12591
12592
12645
12646
12647
12648
12649
12650
12651
12652
12653
12654
12655
12656
12657
12658
12659
12713
12714
12715
12716
12717
12718
12719
12720
12721
12722
12723
12724
12725
12726
12727
12728
12764
12765
12766
12767
12768
12769
12770
12771
12772
12773
12774
12810
12811
12812
12813
12814
12815
12816
12817
12818
12819
12820
12858
12859
12860
12861
12862
12863
12864
12865
12866
12867
12868
12906
12907
12908
12909
12910
12911
12912
12913
12914
12915
12916
12917
12918
12919
12920
12921
12922
12923
12924
12925
12926
12927
12928
12929
12930
12931
12932
12933
12934
12935
12990
12991
12992
12993
12994
12995
12996
12997
13039
13040
13041
13042
13043
13044
13045
13046
13078
13079
13080
13081
13082
13083
13084
13085
13086
13131
13132
13133
13134
13135
13136
13137
13138
13139
13140
13141
13142
13143
13144
13191
13192
13193
13194
13195
13196
13197
13198
13199
13200
13201
13202
13203
13204
13205
13206
13207
13208
13209
13210
13211
13269
13270
13271
13272
13273
13274
13275
13276
13277
13278
13279
13280
13281
13282
13283
13284
13285
13286
13287
13288
13289
13290
13291
13292
13293
13294
13295
13296
13333
13334
13335
13336
13337
13338
13339
13340
13341
13342
13343
13390
13391
13392
13393
13394
13395
13396
13397
13398
13436
13437
13438
13439
13440
13441
13442
13443
13483
13484
13485
13486
13487
13488
13489
13490
13491
13536
13537
13538
13539
13540
13541
13542
13543
13544
13545
13546
13547
13578
13579
13580
13581
13582
13583
13584
13585
13586
13587
13630
13631
13632
13633
13634
13635
13636
13637
13638
13639
13640
13673
13674
13675
13676
13677
13678
13679
13680
13681
13682
13723
13724
13725
13726
13727
13728
13729
13730
13779
13780
13781
13782
13783
13784
13785
13786
13824
13825
13826
13827
13828
13829
13830
13875
13876
13877
13878
13879
13880
13881
13882
13936
13937
13938
13939
13940
13941
13942
13984
13985
13986
13987
13988
14039
14040
14041
14042
14043
14083
14084
14085
14086
14087
14088
14126
14127
14128
14129
14130
14181
14182
14183
14184
14219
14220
14221
14222
14255
14256
14257
14258
14259
14296
14297
14298
14299
14337
14338
14339
14340
14341
14373
14374
14375
14376
14377
14411
14412
14413
14414
14448
14449
14450
14451
14482
14483
14484
14485
14519
14520
14521
14522
14523
14524
14525
14560
14561
14562
14563
14594
14595
14596
14597
14598
14627
14628
14629
14654
14655
14656
14678
14679
14680
14718
14719
14720
14765
14766
14767
14801
14802
14803
14804
14853
14854
14855
14856
14924
14925
14973
15032
15075
15125
15171
15172
15173
15174
15175
15176
15177
15178
15179
15180
15181
15226
15227
15228
15270
15271
15272
15317
15318
15319
15320
15379
15380
15381
15382
15383
15384
15385
15386
15444
15445
15446
15447
15448
15449
