4672
4673
4674
4692
4693
4694
4714
4715
4716
4717
4718
4719
4720
4721
4740
4741
4742
4743
4761
4762
4763
4786
4787
4788
4789
4806
4807
4808
4809
4810
4811
4829
4830
4831
4832
4833
4834
4854
4855
4856
4857
4858
4859
4860
4861
4862
4863
4864
4865
4866
4867
4868
4869
4870
4871
4872
4873
4874
4875
4899
4900
4901
4902
4903
4904
4905
4906
4907
4928
4929
4930
4931
4932
4933
4934
4950
4951
4952
4953
4954
4955
4956
4957
4974
4975
4976
4977
4978
4979
4980
4981
4982
4983
4984
4985
4986
5006
5007
5008
5009
5010
5011
5012
5013
5014
5015
5016
5017
5018
5019
5020
5037
5038
5039
5040
5041
5042
5055
5056
5057
5058
5071
5072
5073
5074
5089
5090
5091
5092
5108
5109
5110
5111
5132
5133
5134
5135
5148
5149
5150
5151
5164
5165
5166
5167
5185
5186
5187
5188
5204
5205
5206
5219
5220
5221
5233
5234
5235
5236
5249
5250
5251
5252
5253
5254
5276
5277
5278
5279
5280
5281
5310
5311
5312
5313
5324
5325
5326
5327
5337
5338
5339
5340
5349
5350
5351
5352
5362
5363
5364
5365
5381
5382
5383
5384
5385
5386
5387
5400
5401
5402
5403
5404
5405
5406
5419
5420
5421
5422
5423
5424
5425
5436
5437
5438
5439
5458
5459
5460
5479
5480
5481
5482
5483
5484
5485
5499
5500
5501
5502
5503
5517
5518
5519
5520
5542
5543
5566
5567
5590
5591
5617
5618
5619
5620
5647
5648
5649
5650
5651
5652
5653
5654
5655
5677
5678
5679
5680
5681
5682
5720
5721
5722
5723
5724
5754
5755
5756
5757
5758
5782
5783
5784
5814
5815
5816
5846
5847
5848
5880
5881
5882
5883
5884
5910
5911
5912
5913
5914
5915
5939
5940
5941
5942
5964
5965
5966
5967
5968
5990
5991
5992
5993
5994
6017
6018
6019
6020
6021
6022
6023
6042
6043
6044
6045
6046
6074
6075
6076
6077
6078
6079
6080
6081
6118
6119
6120
6121
6122
6123
6124
6156
6157
6158
6159
6160
6161
6162
6163
6197
6198
6199
6200
6201
6202
6222
6223
6224
6225
6226
6227
6228
6229
6230
6253
6254
6255
6256
6257
6258
6259
6260
6261
6262
6263
6264
6265
6296
6297
6298
6299
6300
6301
6302
6303
6326
6327
6328
6329
6330
6331
6332
6333
6334
6335
6336
6358
6359
6360
6361
6362
6363
6384
6385
6386
6387
6388
6389
6410
6411
6412
6413
6414
6436
6437
6438
6439
6440
6463
6464
6465
6488
6489
6490
6491
6524
6525
6526
6527
6553
6554
6555
6556
6557
6597
6598
6599
6600
6601
6602
6629
6630
6631
6632
6633
6651
6652
6653
6654
6655
6675
6676
6677
6678
6679
6697
6698
6699
6700
6701
6702
6719
6720
6721
6722
6723
6724
6725
6763
6764
6765
6766
6811
6812
6813
6814
6842
6843
6844
6845
6876
6877
6878
6879
6880
6899
6900
6901
6902
6903
6904
6924
6925
6926
6927
6947
6948
6949
6950
6951
6977
6978
6979
7012
7013
7014
7053
7054
7091
7092
7093
7094
7124
7125
7126
7127
7128
7129
7130
7131
7162
7163
7164
7165
7166
7194
7195
7196
7197
7220
7221
7222
7223
7224
7225
7254
7255
7256
7257
7258
7259
7284
7285
7286
7287
7320
7321
7322
7323
7351
7352
7353
7354
7355
7392
7393
7394
7395
7396
7435
7436
7437
7469
7470
7471
7501
7502
7503
7527
7528
7529
7555
7556
7585
7586
7616
7617
7644
7645
7668
7669
7695
7696
7697
7719
7720
7721
7722
7723
7762
7763
7764
7765
