14469
14540
14614
14669
14670
14671
14742
14743
14744
14745
14804
14805
14806
14865
14866
14867
14937
14938
14939
14992
14993
14994
15051
15052
15053
15104
15105
15106
15107
15108
15177
15178
15179
15180
15181
15182
15183
15246
15247
15248
15249
15250
15316
15317
15318
15319
15320
15321
15322
15400
15401
15402
15403
15404
15405
15406
15407
15500
15501
15502
15503
15504
15576
15577
15578
15579
15580
15581
15582
15651
15652
15653
15731
15732
15733
15795
15796
15797
15877
15878
15879
15880
15881
15882
15960
15961
15962
16017
16018
16019
16066
16067
16068
16147
16148
16149
16217
16218
16219
16274
16275
16276
16323
16324
16325
16372
16373
16374
16375
16376
16377
16424
16425
16426
16427
16428
16429
16485
16486
16487
16488
16489
16490
16541
16542
16543
16544
16545
16597
16598
16599
16600
16601
16602
16603
16604
16605
16606
16647
16648
16649
16650
16651
16652
16653
16654
16655
16656
16657
16658
16699
16700
16701
16702
16703
16754
16755
16756
16757
16816
16817
16867
16868
16921
16922
16923
16983
16984
16985
16986
16987
17065
17066
17067
17068
17069
17070
17071
17072
17125
17126
17127
17128
17185
17186
17187
17188
17247
17248
17249
17250
17251
17252
17301
17302
17303
17304
17305
17306
17307
17357
17358
17359
17360
17361
17362
17363
17364
17416
17417
17418
17419
17420
17421
17422
17423
17477
17478
17479
17480
17481
17482
17483
17484
17485
17545
17546
17547
17548
17549
17550
17551
17552
17553
17554
17555
17556
17557
17558
17559
17560
17561
17562
17624
17625
17626
17627
17628
17629
17630
17631
17632
17633
17634
17635
17636
17694
17695
17696
17697
17698
17699
17756
17757
17758
17829
17830
17831
17899
17900
17901
17902
17903
17966
17967
17968
18028
18029
18030
18031
18032
18033
18090
18091
18092
18093
18094
18095
18096
18097
18098
18099
18100
18101
18102
18164
18165
18166
18167
18168
18169
18170
18171
18172
18173
18225
18226
18227
18228
18229
18230
18289
18290
18291
18292
18293
18294
18295
18296
18297
18298
18299
18381
18382
18383
18384
18385
18386
18387
18468
18469
18470
18471
18472
18545
18546
18547
18548
18617
18618
18619
18620
18672
18673
18674
18675
18676
18731
18732
18733
18734
18735
18789
18790
18791
18792
18793
18844
18845
18846
18847
18848
18849
18850
18851
18852
18853
18914
18915
18916
18917
18918
18919
18920
18921
18922
18923
18924
18979
18980
18981
18982
18983
18984
18985
18986
18987
18988
18989
18990
18991
18992
19052
19053
19054
19055
19056
19057
19058
19120
19121
19122
19123
19124
19125
19126
19196
19197
19198
19199
19200
19201
19202
19203
19204
19205
19206
19265
19266
19267
19268
19269
19270
19271
19272
19273
19326
19327
19328
19329
19330
19331
19332
19333
19384
19385
19386
19387
19388
19389
19443
19444
19445
19446
19447
19448
19449
19450
19451
19498
19499
19500
19501
19502
19503
19504
19557
19558
19559
19560
19561
19562
19563
19564
19565
19566
19567
19568
19626
19627
19628
19629
19630
19631
19632
19633
19634
19635
19636
19637
19678
19679
19680
19681
19682
19683
19684
19685
19686
19734
19735
19736
19737
19738
19739
19740
19741
19742
19743
19797
19798
19799
19800
19801
19802
19803
19804
19805
19859
19860
19861
19862
19863
19864
19865
19866
19867
19868
19869
19918
19919
19920
19921
19922
19923
19977
19978
19979
19980
19981
19982
20036
20037
20038
20039
20040
20100
20101
20102
20103
20104
20152
20153
20154
20155
20208
20209
20210
20211
20212
20256
20257
20258
20259
20260
20261
20262
20263
20318
20319
20320
20321
20322
20323
20324
20368
20369
20415
20416
20417
20486
20487
20488
20489
20490
20563
20564
20565
20566
20567
20638
20639
20640
20641
20642
20643
20644
20708
20709
20710
20711
20712
20713
20714
20715
20716
20717
20718
20719
20720
20780
20781
20782
20783
20784
20785
20786
20787
20788
20789
20790
20791
20792
20793
20840
20841
20842
20843
20844
20845
20846
20847
20848
20849
20850
20851
20852
20853
20907
20908
20909
20910
20957
20958
21032
21033
21107
21108
21171
21172
21233
21234
21235
21236
21292
21293
21294
21332
21333
21334
21335
21336
21337
21338
21385
21386
21387
21388
21389
21390
21435
21436
21437
21438
21439
21440
21441
21483
21484
21485
21486
21487
21488
21489
21490
21491
21544
21545
21546
21547
21548
21549
21550
21551
21552
21553
21554
21555
21556
21615
21616
21617
21618
21619
21680
21681
21682
21683
21744
21745
21746
21747
21822
21823
21824
21825
21826
21827
21828
21829
21830
21903
21904
21905
21906
21907
21908
21909
21969
21970
21971
21972
22058
22059
22060
22061
22130
22131
22132
22133
22203
22204
22205
22276
22277
22278
22337
22338
22339
22388
22389
22390
22457
22458
22459
22460
22461
22462
22463
22529
22530
22587
22588
22589
22590
22653
22654
22655
22656
22703
22704
22705
22769
22770
22771
22772
22830
22831
22832
22833
22881
22882
22883
22884
22937
22938
22939
22940
22994
22995
22996
22997
23067
23068
23069
23070
23126
23127
23128
23129
23130
23131
23132
23133
23191
23192
23193
23194
23195
23196
23197
23198
23199
23200
23201
23202
23203
23204
23205
23206
23207
23248
23249
23250
23251
23252
23253
23294
23295
23296
23297
23298
23299
23300
23301
23302
23344
23345
23346
23347
23348
23349
23402
23403
23404
23405
23406
23450
23451
23452
23504
23505
23506
23553
23554
23555
23611
23612
23613
23614
23615
23661
23662
23663
23713
23714
23715
23716
23779
23780
23848
23849
23919
23920
24009
24010
24099
24100
24101
24102
24202
24203
24204
24298
24299
24300
24361
24362
24363
24421
24422
24489
24490
24491
24492
24541
24542
24543
24544
24610
24611
24673
24738
24792
