14117
14118
14167
14168
14169
14170
14204
14205
14237
14238
14239
14270
14271
14307
14308
14349
14350
14398
14399
14400
14401
14453
14454
14455
14456
14457
14525
14526
14527
14528
14529
14589
14590
14591
14592
14593
14594
14595
14660
14661
14726
14727
14728
14791
14792
14856
14857
14927
14928
14985
14986
15042
15043
15044
15093
15094
15095
15096
15167
15168
15169
15235
15236
15237
15238
15304
15305
15306
15307
15384
15385
15386
15387
15388
15389
15390
15391
15392
15475
15476
15477
15478
15479
15480
15481
15482
15483
15484
15485
15486
15487
15488
15489
15490
15564
15565
15566
15567
15568
15569
15640
15641
15642
15643
15644
15645
15715
15716
15717
15718
15719
15720
15721
15722
15723
15724
15725
15787
15788
15789
15869
15870
15871
15952
15953
15954
16009
16010
16011
16059
16060
16061
16139
16140
16141
16211
16212
16268
16269
16316
16317
16363
16364
16414
16415
16416
16474
16475
16476
16534
16535
16536
16588
16589
16590
16639
16640
16641
16688
16689
16690
16691
16744
16745
16746
16747
16805
16806
16807
16808
16858
16859
16860
16861
16862
16863
16909
16910
16911
16912
16913
16914
16915
16971
16972
16973
16974
16975
16976
16977
16978
17053
17054
17055
17056
17057
17058
17059
17115
17116
17117
17118
17119
17120
17173
17174
17175
17176
17177
17178
17179
17180
17239
17240
17241
17294
17295
17296
17352
17353
17354
17410
17411
17412
17472
17473
17474
17540
17541
17542
17619
17620
17621
17688
17689
17690
17691
17751
17752
17753
17824
17825
17826
17893
17894
17895
17896
17960
17961
17962
17963
18022
18023
18024
18025
18082
18083
18084
18085
18086
18087
18156
18157
18158
18159
18160
18161
18162
18218
18219
18220
18221
18222
18223
18283
18284
18285
18286
18287
18365
18366
18367
18368
18369
18370
18371
18372
18373
18374
18375
18376
18377
18378
18379
18454
18455
18456
18457
18458
18459
18460
18461
18462
18463
18464
18465
18466
18467
18538
18539
18540
18541
18542
18543
18544
18610
18611
18612
18613
18614
18615
18616
18667
18668
18669
18670
18671
18725
18726
18727
18728
18729
18730
18784
18785
18786
18787
18788
18839
18840
18841
18842
18843
18908
18909
18910
18911
18912
18913
18973
18974
18975
18976
18977
18978
19046
19047
19048
19049
19050
19051
19116
19117
19118
19119
19192
19193
19194
19195
19261
19262
19263
19264
19322
19323
19324
19325
19380
19381
19382
19383
19439
19440
19441
19442
19495
19496
19497
19552
19553
19554
19620
19621
19622
19623
19673
19674
19675
19729
19730
19731
19790
19791
19792
19793
19855
19856
19914
19915
19972
19973
19974
20029
20030
20031
20032
20033
20095
20096
20097
20149
20202
20251
20309
20362
20409
20475
20551
20623
20624
20625
20626
20627
20693
20694
20765
20766
20832
20897
20949
21012
21013
21014
21094
