8196
8197
8198
8212
8213
8214
8215
8216
8217
8218
8219
8220
8221
8222
8223
8238
8239
8240
8241
8242
8243
8260
8261
8262
8263
8289
8290
8291
8324
8325
8326
8366
8367
8400
8401
8448
8449
8499
8500
8526
8527
8561
8562
8563
8564
8565
8566
8567
8568
8569
8570
8571
8621
8622
8623
8624
8625
8626
8627
8628
8662
8663
8664
8665
8691
8692
8693
8694
8719
8720
8721
8722
8743
8744
8745
8746
8770
8771
8772
8773
8774
8799
8800
8801
8802
8824
8825
8826
8827
8828
8829
8860
8861
8862
8863
8864
8885
8886
8887
8888
8889
8920
8921
8922
8923
8924
8956
8957
8958
8959
8960
8981
8982
8983
8984
8985
9013
9014
9015
9016
9017
9018
9048
9049
9050
9051
9052
9053
9054
9055
9056
9057
9078
9079
9080
9081
9082
9083
9084
9085
9086
9116
9117
9118
9119
9120
9121
9122
9123
9147
9148
9149
9150
9151
9152
9153
9185
9186
9187
9188
9189
9190
9191
9214
9215
9216
9217
9218
9219
9220
9241
9242
9243
9244
9245
9246
9247
9248
9249
9250
9251
9252
9275
9276
9277
9278
9279
9280
9281
9282
9283
9311
9312
9313
9314
9315
9336
9337
9338
9339
9373
9374
9375
9376
9398
9399
9400
9401
9422
9423
9424
9425
9448
9449
9450
9451
9452
9478
9479
9480
9481
9511
9512
9513
9514
9548
9549
9550
9551
9572
9573
9574
9575
9596
9597
9598
9599
9600
9601
9623
9624
9625
9626
9627
9628
9646
9647
9648
9649
9650
9651
9674
9675
9676
9677
9678
9679
9680
9681
9714
9715
9716
9717
9718
9719
9720
9721
9722
9723
9724
9754
9755
9756
9757
9758
9790
9791
9792
9793
9794
9795
9796
9827
9828
9829
9830
9831
9832
9833
9834
9835
9836
9837
9865
9866
9867
9868
9869
9905
9906
9907
9908
9909
9939
9940
9941
9942
9943
9944
9945
9946
9947
9948
9949
9950
9951
9952
9953
9954
9955
9994
9995
9996
9997
9998
9999
10000
10001
10002
10003
10004
10005
10006
10007
10042
10043
10044
10045
10046
10089
10090
10091
10092
10093
10094
10095
10137
10138
10139
10140
10141
10171
10172
10173
10174
10175
10176
10216
10217
10218
10219
10220
10221
10222
10223
10255
10256
10257
10258
10259
10260
10261
10300
10301
10302
10303
10304
10305
10306
10307
10308
10309
10310
10337
10338
10339
10340
10341
10342
10343
10344
10345
10346
10375
10376
10377
10378
10379
10380
10381
10382
10383
10384
10420
10421
10422
10423
10424
10425
10426
10427
10428
10429
10430
10431
10432
10433
10434
10435
10436
10437
10438
10439
10440
10441
10442
10443
10479
10480
10481
10482
10483
10484
10510
10511
10512
10513
10514
10515
10549
10550
10551
10552
10553
10554
10602
10603
10604
10605
10606
10607
10651
10652
10653
10654
10655
10656
10682
10683
10684
10685
10686
10720
10721
10722
10723
10724
10725
10726
10765
10766
10767
10768
10769
10770
10771
10772
10773
10834
10835
10836
10837
10838
10839
10840
10841
10842
10843
10844
10895
10896
10897
10898
10935
10936
10937
10980
10981
10982
10983
11021
11022
11023
11056
11057
11089
11090
11127
11128
11155
11156
11157
11158
11159
11160
11161
11189
11190
11191
11192
11193
11228
11229
11260
11261
11262
11263
11264
11265
11266
11267
11268
11269
11270
11271
11272
11310
11311
11351
11352
11381
11382
11383
11384
11385
11386
11387
11388
11389
11390
11453
11454
11455
11456
11457
11458
11459
11460
11461
11462
11463
11464
11465
11466
11467
11468
11469
11470
11471
11523
11524
11525
11526
11527
11528
11529
11530
11591
11592
11593
11594
11595
11596
11597
11598
11599
11600
11644
11645
11646
11647
11648
11684
11685
11686
11687
11736
11737
11738
11770
11771
11772
11801
11802
11803
11838
11839
11840
11887
11888
11889
11890
11891
11936
11937
11938
11976
11977
11978
12011
12012
12013
12060
12061
12062
12063
12064
12065
12066
12103
12104
12105
12106
12107
12108
12162
12163
12164
12165
12166
12203
12204
12205
12206
12261
12262
12263
12264
12265
12266
12267
12268
12269
12270
12320
12321
12322
12323
12324
12373
12374
12375
12376
12377
12453
12454
12455
12456
12496
12497
12498
12499
12500
12550
12551
12552
12553
12554
12555
12556
12557
12619
12620
12621
12622
12623
12624
12625
12626
12682
12683
12684
12685
12686
12687
12740
12741
12742
12784
12785
12832
12833
12834
12882
12883
12962
12963
13013
13014
13057
13058
13106
13107
13155
13156
13157
13158
13159
13160
13161
13231
13232
13233
13234
13309
13310
13311
13312
13363
13364
13365
13366
13367
13414
13415
13416
13417
13418
13458
13459
13460
13461
13462
13463
13464
