5634
5669
5670
5671
5672
5696
5697
5698
5699
5700
5701
5702
5721
5722
5723
5724
5866
5885
5886
5904
5927
5928
5929
5952
5953
5980
5981
6001
6002
6017
6018
6039
6040
6070
6071
6091
6092
6109
6110
6125
6126
6127
6142
6143
6144
6160
6161
6162
6179
6180
6181
6196
6197
6198
6225
6226
6227
6246
6247
6248
6276
6277
6278
6279
6280
6281
6282
6283
6284
6305
6306
6307
6308
6321
6322
6337
6338
6350
6351
6362
6363
6396
6397
6430
6431
6432
6433
6434
6435
6436
6457
6458
6477
6478
6479
6480
6492
6493
6494
6495
6496
6497
6509
6510
6511
6512
6525
6526
6527
6528
6543
6544
6545
6546
6547
6548
6549
6550
6569
6570
6571
6572
6573
6574
6575
6576
6577
6578
6603
6604
6605
6606
6607
6608
6609
6610
6611
6612
6613
6643
6644
6645
6669
6670
6671
6697
6698
6699
6700
6723
6724
6725
6726
6745
6746
6747
6766
6767
6768
6769
6770
6771
6772
6773
6792
6793
6794
6795
6796
6797
6822
6823
6824
6825
6826
6827
6846
6847
6848
6849
6850
6851
6852
6871
6872
6873
6874
6875
6898
6899
6900
6927
6928
6952
6953
6954
6972
6973
6974
6975
6995
6996
6997
6998
7020
7021
7022
7023
7024
7046
7047
7048
7049
7050
7051
7069
7070
7071
7072
7073
7074
7075
7076
7096
7097
7098
7120
7121
7122
7123
7142
7143
7144
7145
7173
7174
7175
7176
7177
7178
7179
7180
7181
7182
7183
7184
7185
7186
7209
7210
7211
7212
7213
7214
7215
7216
7217
7218
7219
7220
7221
7244
7245
7246
7247
7248
7249
7250
7251
7252
7281
7282
7283
7284
7285
7286
7309
7310
7311
7312
7313
7314
7315
7316
7339
7340
7341
7342
7343
7344
7345
7346
7347
7368
7369
7370
7371
7372
7398
7399
7400
7401
7402
7403
7404
7405
7435
7436
7437
7438
7439
7440
7472
7473
7474
7475
7476
7477
7478
7495
7496
7497
7498
7518
7519
7520
7521
7543
7544
7545
7546
7571
7572
7573
7590
7591
7592
7593
7594
7607
7608
7631
7632
7649
7650
7651
7670
7671
7705
7706
7740
7741
7742
7766
7767
7768
7769
7798
7799
7800
7801
7802
7803
7804
7836
7837
7838
7839
7840
7841
7842
7865
7866
7867
7868
7891
7892
7893
7894
7937
7938
7939
7940
7970
7971
7972
7973
7994
7995
7996
7997
8016
8017
8018
8019
8020
8021
8037
8038
8039
8040
8041
8058
8059
8060
8061
8062
8063
8064
8065
8080
8081
8082
8083
8084
8085
8086
8087
8088
8089
8090
8102
8103
8104
8105
8106
8107
8108
8109
8110
8124
8125
8126
8127
8128
8129
8130
8131
8132
8133
8134
8135
8136
8137
8138
8139
8140
8141
8158
8159
8160
8161
8188
8189
8190
8191
8221
8222
8223
8224
8243
8244
8245
8246
8272
8273
8274
8299
8300
8327
8328
8329
8330
8331
8332
8364
8365
8366
8367
8368
8394
8395
8396
8430
8456
8480
8511
8512
8544
8545
8564
8565
8601
8626
8647
8648
8649
8650
8651
8671
8672
8673
8674
8697
8698
8699
8700
8701
8702
8732
8733
8734
8735
8736
8767
8768
8769
8770
8771
8772
8773
8774
8775
8776
8777
8778
8779
8800
8801
8802
8803
8824
8825
8826
8827
8851
8852
8853
8854
8874
8875
8876
8877
8902
8903
8904
8905
8940
8941
8942
8943
8979
8980
8981
8982
8983
9017
9018
9019
9020
9049
9050
9051
9052
9093
9094
9095
9096
9134
9135
9136
9137
9166
9167
9168
9169
9170
9222
9223
9224
9225
9226
9268
9269
9270
9271
9272
9273
9274
9312
9313
9314
9315
9316
9317
9318
9363
9364
9365
9366
9367
9398
9399
9400
9401
9441
9442
9443
9444
9445
9446
9482
9483
9484
9485
9526
9527
9528
9529
9530
24148
24149
24150
