4672
4673
4674
4692
4693
4694
4714
4715
4716
4717
4718
4719
4720
4721
4740
4741
4742
4743
4761
4762
4763
4786
4787
4788
4789
4806
4807
4808
4809
4810
4811
4829
4830
4831
4832
4833
4834
4854
4855
4856
4857
4858
4859
4860
4861
4862
4863
4864
4865
4866
4867
4868
4869
4870
4871
4872
4873
4874
4875
4899
4900
4901
4902
4903
4904
4905
4906
4907
4928
4929
4930
4931
4932
4933
4934
4950
4951
4952
4953
4954
4955
4956
4957
4974
4975
4976
4977
4978
4979
4980
4981
4982
4983
4984
4985
4986
5006
5007
5008
5009
5010
5011
5012
5013
5014
5015
5016
5017
5018
5019
5020
5037
5038
5039
5040
5041
5042
5055
5056
5057
5058
5071
5072
5073
5074
5089
5090
5091
5092
5108
5109
5110
5111
5132
5133
5134
5135
5148
5149
5150
5151
5164
5165
5166
5167
5185
5186
5187
5188
5204
5205
5206
5219
5220
5232
5233
5234
5247
5248
5249
5250
5251
5273
5274
5275
5276
5277
5306
5307
5308
5319
5320
5321
5331
5332
5333
5342
5343
5344
5354
5355
5356
5372
5373
5374
5387
5388
5389
5402
5403
5414
5415
5434
5435
5454
5455
5456
5457
5458
5459
5473
5474
5475
5476
5490
5491
5492
5514
5537
5560
5586
5613
5635
5673
5703
5704
5725
5745
5767
5791
5792
5813
5832
5850
5867
5887
5888
5889
5905
5906
5907
5930
5931
5932
5933
5934
5935
5954
5955
5956
5957
5958
5982
5983
5984
5985
5986
6003
6004
6005
6006
6019
6020
6021
6022
6023
6024
6025
6041
6042
6043
6044
6045
6046
6047
6048
6072
6073
6074
6075
6076
6093
6094
6095
6111
6112
6113
6128
6129
6130
6145
6146
6163
6164
6182
6183
6199
6200
6201
6228
6229
6249
6250
6251
6285
6286
6287
6288
6309
6310
6311
6323
6324
6325
6339
6340
6341
6352
6353
6354
6355
6364
6365
6366
6367
6368
6398
6399
6437
6438
6459
6460
6481
6482
6496
6497
6498
6513
6529
6551
6579
6614
6646
6672
6673
6701
6702
6727
6728
6748
6749
6774
6775
6776
6777
6798
6799
6828
6829
6853
6854
6876
6877
6901
6902
6929
6930
6955
6956
6975
6976
6977
6999
7000
7025
7026
7052
7053
7077
7078
7099
7100
7124
7125
7126
7146
7147
7148
7149
7150
7187
7188
7189
7190
