6049
6050
6051
6052
6077
6078
6079
6080
6096
6097
6098
6099
6114
6115
6116
6117
6131
6132
6133
6148
6149
6150
6151
6166
6167
6168
6185
6186
6202
6203
6530
6552
6581
6582
6583
6584
6616
6617
6618
6619
6620
6621
6622
6623
6624
6625
6648
6649
6650
6651
6652
6676
6677
6678
6679
6680
6705
6706
6707
6708
6709
6731
6732
6752
6753
6754
6755
6780
6781
6802
6803
6804
6832
6833
6834
6835
6857
6858
6859
6860
6881
6882
6883
6884
6905
6906
6907
6908
6933
6934
6935
6936
6959
6960
6961
6962
6980
6981
6982
6983
7006
7007
7008
7009
7028
7029
7030
7031
7055
7056
7057
7058
7080
7081
7082
7083
7102
7103
7104
7105
7106
7128
7129
7130
7131
7152
7153
7154
7155
7192
7193
7194
7195
7226
7227
7228
7229
7230
7231
7232
7233
7234
7257
7258
7259
7260
7261
7262
7263
7264
7265
7266
7267
7268
7269
7270
7271
7272
7293
7294
7295
7296
7297
7298
7299
7300
7301
7322
7323
7324
7325
7326
7327
7328
7329
7330
7331
7353
7354
7355
7356
7357
7358
7359
7383
7384
7385
7386
7387
7388
7389
7425
7426
7427
7428
7429
7430
7431
7462
7463
7464
7465
7466
7467
7468
7488
7489
7490
7491
7511
7512
7513
7514
7535
7536
7537
7538
7563
7564
7565
7566
7582
7583
7584
7585
7599
7600
7601
7602
7603
7613
7614
7615
7616
7617
7618
7619
7620
7621
7622
7623
7624
7625
7626
7637
7638
7639
7640
7641
7642
7643
7644
7658
7659
7660
7661
7683
7684
7685
7686
7713
7714
7715
7716
7717
7751
7752
7753
7754
7774
7775
7776
7777
7778
7811
7812
7813
7814
7815
7816
7851
7852
7853
7854
7855
7873
7874
7875
7876
7877
7878
7908
7909
7910
7911
7912
7949
7950
7951
7952
7953
7954
7979
7980
7981
7982
7983
7984
7985
8002
8003
8004
8005
8006
8007
8026
8027
8028
8029
8046
8047
8048
8049
8070
8071
8072
8073
8074
8094
8095
8096
8097
8115
8116
8117
8118
8119
8145
8146
8147
8148
8149
8166
8167
8168
8169
8170
8171
8172
8173
8174
8175
8176
8177
8178
8179
8197
8198
8199
8200
8201
8202
8203
8204
8205
8206
8207
8208
8209
8210
8211
8229
8230
8231
8232
8233
8234
8235
8236
8251
8252
8253
8254
8255
8256
8280
8281
8282
8283
8284
8312
8313
8314
8315
8316
8317
8318
8319
8320
8338
8339
8340
8341
8342
8343
8344
8345
8346
8374
8375
8376
8377
8378
8379
8380
8402
8403
8404
8405
8406
8407
8438
8439
8440
8441
8464
8465
8466
8467
8493
8494
8495
8496
8518
8519
8520
8521
8522
8523
8524
8551
8552
8553
8573
8574
8575
8576
8577
8578
8579
8580
8581
8582
8583
8584
8585
8609
8610
8611
8612
8613
8614
8615
8616
8634
8635
8658
8659
8685
8686
8714
8715
8747
8748
8784
8785
8808
8809
8834
8835
8861
8862
8884
8885
8914
8915
8956
8957
8958
