8271
8298
8326
8363
8393
8429
8455
8479
8510
8542
8543
8561
8562
8563
8599
8600
8624
8625
8644
8645
8646
8668
8669
8670
8692
8693
8694
8695
8727
8728
8729
8730
8759
8760
8761
8762
8763
8764
8765
8793
8794
8795
8796
8797
8798
8817
8818
8819
8820
8821
8822
8845
8846
8847
8848
8849
8869
8870
8871
8872
8893
8894
8895
8896
8897
8898
8899
8900
8924
8925
8926
8927
8928
8929
8930
8931
8932
8933
8968
8969
8970
8971
8972
8973
9007
9008
9009
9010
9011
9012
9042
9043
9044
9045
9046
9047
9048
9086
9087
9088
9089
9090
9091
9092
9127
9128
9129
9130
9131
9132
9133
9156
9157
9158
9159
9160
9161
9162
9163
9164
9165
9210
9211
9212
9213
9214
9215
9216
9217
9218
9219
9220
9221
9261
9262
9263
9264
9265
9266
9267
9306
9307
9308
9309
9310
9311
9351
9352
9353
9354
9355
9356
9357
9358
9359
9360
9361
9362
9388
9389
9390
9391
9392
9393
9394
9395
9396
9397
9430
9431
9432
9433
9434
9435
9436
9437
9438
9439
9440
9475
9476
9477
9478
9479
9480
9481
9520
9521
9522
9523
9524
9525
9554
9555
9556
9557
9558
9559
9592
9593
9594
9595
9596
9597
9637
9638
9639
9640
9641
9642
9643
9697
9698
9699
9700
9701
9702
9703
9704
9705
9731
9732
9733
9734
9735
9736
9768
9769
9770
9771
9772
9773
9774
9816
9817
9818
9819
9820
9821
9865
9866
9867
9868
9869
9870
9871
9872
9873
9900
9901
9902
9903
9904
9905
9906
9930
9931
9932
9933
9934
9935
9936
9937
9938
9939
9940
9941
9942
9943
9944
9972
9973
9974
9975
9976
9977
9978
9979
9980
10031
10032
10033
10034
10035
10036
10037
10038
10039
10040
10041
10042
10094
10095
10096
10097
10098
10099
10100
10101
10102
10103
10104
10105
10106
10107
10108
10109
10110
10111
10112
10148
10149
10150
10151
10152
10153
10154
10188
10189
10190
10191
10192
10240
10241
10242
10243
10274
10275
10276
10277
10278
10279
10280
10281
10309
10310
10311
10312
10313
10314
10315
10316
10342
10343
10344
10345
10346
10347
10379
10380
10381
10382
10412
10413
10414
10415
10416
10446
10447
10448
10449
10450
10451
10452
10453
10454
10455
10456
10481
10482
10483
10484
10485
10486
10530
10531
10532
10533
10534
10535
10574
10575
10576
10577
10578
10605
10606
10607
10608
10672
10673
10674
10675
10676
10677
10678
10679
10744
10745
10746
10747
10748
10749
10750
10809
10810
10811
10812
10813
10814
10815
10816
10817
10818
10858
10859
10860
10861
10862
10863
10864
10865
10866
10867
10868
10869
10904
10905
10906
10907
10908
10909
10959
10960
10961
10962
10993
10994
10995
10996
10997
11025
11026
11027
11028
11059
11060
11061
11062
11102
11103
11104
11105
11106
11107
11108
11109
11110
11111
11151
11152
11153
11154
11155
11156
11157
11158
11159
11160
11161
11197
11198
11199
11200
11201
11202
11233
11234
11235
11236
11237
11280
11281
11282
11283
11284
11285
11322
11323
11324
11325
11326
11327
11376
11377
11378
11379
11380
11381
11382
11383
11384
11385
11422
11423
11424
11425
11426
11427
11428
11429
11481
11482
11483
11484
11485
11486
11487
11542
11543
11544
11545
11590
11591
11592
11593
11594
11669
11670
11671
11672
11673
11674
11675
11713
11714
11715
11716
11717
11761
11762
11763
11764
11765
11766
11767
11768
11769
11770
11810
11811
11812
11813
11814
11815
11816
11817
11818
11819
11820
11821
11822
11823
11824
11825
11826
11879
11880
11881
11882
11883
11884
11885
11886
11887
11888
11889
11890
11891
11892
11893
11947
11948
11949
11950
11951
11952
11953
11954
11955
11956
11957
11958
11959
11960
11961
11962
11998
11999
12000
12001
12002
12003
12004
12005
12006
12007
12008
12044
12045
12046
12047
12048
12049
12050
12051
12052
12053
12054
12092
12093
12094
12095
12096
12097
12098
12099
12100
12101
12102
12140
12141
12142
12143
12144
12145
12146
12147
12148
12149
12150
12151
12152
12153
12154
12155
12156
12157
12158
12159
12160
12161
12162
12163
12164
12165
12166
12167
12168
12169
12224
12225
12226
12227
12228
12229
12230
12231
12273
12274
12275
12276
12277
12278
12279
12280
12312
12313
12314
12315
12316
12317
12318
12319
12320
12365
12366
12367
12368
12369
12370
12371
12372
12373
12374
12375
12376
12377
12378
12425
12426
12427
12428
12429
12430
12431
12432
12433
12434
12435
12436
12437
12438
12439
12440
12441
12442
12443
12444
12445
12503
12504
12505
12506
12507
12508
12509
12510
12511
12512
12513
12514
12515
12516
12517
12518
12519
12520
12521
12522
12523
12524
12525
12526
12527
12528
12529
12530
12567
12568
12569
12570
12571
12572
12573
12574
12575
12576
12577
12624
12625
12626
12627
12628
12629
12630
12631
12632
12670
12671
12672
12673
12674
12675
12676
12677
12717
12718
12719
12720
12721
12722
12723
12724
12725
12770
12771
12772
12773
12774
12775
12776
12777
12778
12779
12780
12781
12812
12813
12814
12815
12816
12817
12818
12819
12820
12821
12864
12865
12866
12867
12868
12869
12870
12871
12872
12873
12874
12907
12908
12909
12910
12911
12912
12913
12914
12915
12916
12957
12958
12959
12960
12961
12962
12963
12964
13013
13014
13015
13016
13017
13018
13019
13020
13058
13059
13060
13061
13062
13063
13064
13109
13110
13111
13112
13113
13114
13115
13116
13170
13171
13172
13173
13174
13175
13176
13218
13219
13220
13221
13222
13273
13274
13275
13276
13277
13317
13318
13319
13320
13321
13322
13360
13361
13362
13363
13364
13415
13416
13417
13418
13453
13454
13455
13456
13489
13490
13491
13492
13493
13530
13531
13532
13533
13571
13572
13573
13574
13575
13607
13608
13609
13610
13611
13645
13646
13647
13648
13682
13683
13684
13685
13716
13717
13718
13719
13753
13754
13755
13756
13757
13758
13759
13794
13795
13796
13797
13828
13829
13830
13831
13832
13861
13862
13863
13888
13889
13890
13912
13913
13914
13952
13953
13954
13999
14000
14001
14035
14036
14037
14038
14087
14088
14089
14090
14158
14159
14207
14266
14309
14359
14405
14406
14407
14408
14409
14410
14411
14412
14413
14414
14415
14460
14461
14462
14504
14505
14506
14551
14552
14553
14554
14613
14614
14615
14616
14617
14618
14619
14620
14678
14679
14680
14681
14682
14683
