5430
5431
5432
5433
5450
5451
5452
5453
5468
5469
5470
5471
5472
5485
5486
5487
5488
5489
5507
5508
5509
5510
5511
5512
5513
5533
5534
5535
5536
5556
5557
5558
5559
5582
5583
5584
5585
5609
5610
5611
5612
5630
5631
5632
5633
5656
5657
5658
5659
5660
5661
5662
5663
5664
5665
5666
5667
5668
5669
5670
5671
5687
5688
5689
5690
5691
5692
5693
5694
5695
5696
5697
5717
5718
5719
5720
5721
5722
5723
5740
5741
5742
5743
5744
5764
5765
5766
5789
5790
5811
5812
5830
5831
5849
5864
5865
5883
5884
5902
5903
6223
6224
6245
6275
6304
6320
6335
6336
6348
6349
6360
6361
6394
6395
6426
6427
6428
6429
6451
6452
6453
6454
6455
6456
6474
6475
6476
6491
6508
6524
6542
6568
6602
6642
6668
6696
6722
6744
6765
6766
6767
6768
6769
6770
6791
6792
6821
6845
6870
6897
6926
7543
7544
7571
7590
7591
7592
7735
7736
7737
7738
7739
8056
8057
8079
8101
8123
8157
8187
8220
8242
8271
8272
8298
8326
8363
8393
8429
8455
8479
8510
8542
8543
8561
8562
8563
8599
8600
8624
8625
8644
8645
8646
24148
