7597
7598
7599
7611
7612
7613
7614
7615
7616
7617
7618
7619
7620
7621
7622
7635
7636
7637
7638
7639
7640
7654
7655
7656
7657
7680
7681
7682
7710
7711
7712
7749
7750
7772
7773
7809
7810
7849
7850
7871
7872
7897
7898
7899
7900
7901
7902
7903
7904
7905
7906
7907
7943
7944
7945
7946
7947
7948
7949
7950
7976
7977
7978
7979
7999
8000
8001
8002
8023
8024
8025
8026
8043
8044
8045
8046
8066
8067
8068
8069
8070
8091
8092
8093
8094
8111
8112
8113
8114
8115
8116
8142
8143
8144
8145
8146
8163
8164
8165
8166
8167
8194
8195
8196
8197
8198
8226
8227
8228
8229
8230
8248
8249
8250
8251
8252
8277
8278
8279
8280
8281
8282
8309
8310
8311
8312
8313
8314
8315
8316
8317
8318
8336
8337
8338
8339
8340
8341
8342
8343
8344
8371
8372
8373
8374
8375
8376
8377
8378
8399
8400
8401
8402
8403
8404
8405
8434
8435
8436
8437
8438
8439
8440
8460
8461
8462
8463
8464
8465
8466
8484
8485
8486
8487
8488
8489
8490
8491
8492
8493
8494
8495
8515
8516
8517
8518
8519
8520
8521
8522
8523
8548
8549
8550
8551
8552
8571
8572
8573
8574
8607
8608
8609
8610
8632
8633
8634
8635
8656
8657
8658
8659
8682
8683
8684
8685
8686
8712
8713
8714
8715
8745
8746
8747
8748
8782
8783
8784
8785
8806
8807
8808
8809
8830
8831
8832
8833
8834
8835
8857
8858
8859
8860
8861
8862
8880
8881
8882
8883
8884
8885
8908
8909
8910
8911
8912
8913
8914
8915
8948
8949
8950
8951
8952
8953
8954
8955
8956
8957
8958
8988
8989
8990
8991
8992
9024
9025
9026
9027
9028
9029
9030
9061
9062
9063
9064
9065
9066
9067
9068
9069
9070
9071
9099
9100
9101
9102
9103
9139
9140
9141
9142
9143
9173
9174
9175
9176
9177
9178
9179
9180
9181
9182
9183
9184
9185
9186
9187
9188
9189
9228
9229
9230
9231
9232
9233
9234
9235
9236
9237
9238
9239
9240
9241
9276
9277
9278
9279
9280
9323
9324
9325
9326
9327
9328
9329
9371
9372
9373
9374
9375
9405
9406
9407
9408
9409
9410
9450
9451
9452
9453
9454
9455
9456
9457
9489
9490
9491
9492
9493
9494
9495
9534
9535
9536
9537
9538
9539
9540
9541
9542
9543
9544
9571
9572
9573
9574
9575
9576
9577
9578
9579
9580
9609
9610
9611
9612
9613
9614
9615
9616
9617
9618
9654
9655
9656
9657
9658
9659
9660
9661
9662
9663
9664
9665
9666
9667
9668
9669
9670
9671
9672
9673
9674
9675
9676
9677
9713
9714
9715
9716
9717
9718
9744
9745
9746
9747
9748
9749
9783
9784
9785
9786
9787
9788
9836
9837
9838
9839
9840
9841
9885
9886
9887
9888
9889
9890
9916
9917
9918
9919
9920
9954
9955
9956
9957
9958
9959
9960
9999
10000
10001
10002
10003
10004
10005
10006
10007
10068
10069
10070
10071
10072
10073
10074
10075
10076
10077
10078
10129
10130
10131
10132
10169
10170
10171
10214
10215
10216
10217
10255
10256
10257
10290
10291
10323
10324
10361
10362
10389
10390
10391
10392
10393
10394
10395
10423
10424
10425
10426
10427
10462
10463
10494
10495
10496
10497
10498
10499
10500
10501
10502
10503
10504
10505
10506
10544
10545
10585
10586
10615
10616
10617
10618
10619
10620
10621
10622
10623
10624
10687
10688
10689
10690
10691
10692
10693
10694
10695
10696
10697
10698
10699
10700
10701
10702
10703
10704
10705
10757
10758
10759
10760
10761
10762
10763
10764
10825
10826
10827
10828
10829
10830
10831
10832
10833
10834
10878
10879
10880
10881
10882
10918
10919
10920
10921
10970
10971
10972
11004
11005
11006
11035
11036
11037
11072
11073
11074
11121
11122
11123
11124
11125
11170
11171
11172
11210
11211
11212
11245
11246
11247
11294
11295
11296
11297
11298
11299
11300
11337
11338
11339
11340
11341
11342
11396
11397
11398
11399
11400
11437
11438
11439
11440
11495
11496
11497
11498
11499
11500
11501
11502
11503
11504
11554
11555
11556
11557
11558
11607
11608
11609
11610
11611
11687
11688
11689
11690
11730
11731
11732
11733
11734
11784
11785
11786
11787
11788
11789
11790
11791
11853
11854
11855
11856
11857
11858
11859
11860
11916
11917
11918
11919
11920
11921
11974
11975
11976
12018
12019
12066
12067
12068
12116
12117
12196
12197
12247
12248
12291
12292
12340
12341
12389
12390
12391
12392
12393
12394
12395
12465
12466
12467
12468
12543
12544
12545
12546
12597
12598
12599
12600
12601
12648
12649
12650
12651
12652
12692
12693
12694
12695
12696
12697
12698
