6266
6267
6268
6269
6304
6305
6306
6307
6337
6338
6339
6340
6364
6365
6366
6367
6390
6391
6392
6416
6417
6418
6419
6442
6443
6444
6467
6468
6492
6493
6952
6980
7016
7017
7018
7019
7056
7057
7058
7059
7060
7061
7062
7063
7064
7065
7096
7097
7098
7099
7100
7134
7135
7136
7137
7138
7169
7170
7171
7172
7173
7200
7201
7228
7229
7230
7231
7262
7263
7290
7291
7292
7326
7327
7328
7329
7358
7359
7360
7361
7400
7401
7402
7403
7440
7441
7442
7443
7474
7475
7476
7477
7506
7507
7508
7509
7532
7533
7534
7535
7562
7563
7564
7565
7588
7589
7590
7591
7619
7620
7621
7622
7647
7648
7649
7650
7671
7672
7673
7674
7675
7699
7700
7701
7702
7725
7726
7727
7728
7767
7768
7769
7770
7803
7804
7805
7806
7807
7808
7809
7810
7811
7836
7837
7838
7839
7840
7841
7842
7843
7844
7845
7846
7847
7848
7849
7850
7851
7873
7874
7875
7876
7877
7878
7879
7880
7881
7903
7904
7905
7906
7907
7908
7909
7910
7911
7912
7936
7937
7938
7939
7940
7941
7942
7968
7969
7970
7971
7972
7973
7974
8013
8014
8015
8016
8017
8018
8019
8052
8053
8054
8055
8056
8057
8058
8080
8081
8082
8083
8105
8106
8107
8108
8130
8131
8132
8133
8159
8160
8161
8162
8179
8180
8181
8182
8198
8199
8200
8201
8202
8214
8215
8216
8217
8218
8219
8220
8221
8222
8223
8224
8225
8226
8227
8240
8241
8242
8243
8244
8245
8246
8247
8264
8265
8266
8267
8292
8293
8294
8295
8327
8328
8329
8330
8331
8368
8369
8370
8371
8402
8403
8404
8405
8406
8450
8451
8452
8453
8454
8455
8501
8502
8503
8504
8505
8528
8529
8530
8531
8532
8533
8572
8573
8574
8575
8576
8627
8628
8629
8630
8631
8632
8665
8666
8667
8668
8669
8670
8671
8694
8695
8696
8697
8698
8699
8722
8723
8724
8725
8746
8747
8748
8749
8774
8775
8776
8777
8778
8802
8803
8804
8805
8828
8829
8830
8831
8832
8863
8864
8865
8866
8867
8888
8889
8890
8891
8892
8893
8894
8895
8896
8897
8898
8899
8900
8901
8923
8924
8925
8926
8927
8928
8929
8930
8931
8932
8933
8934
8935
8936
8937
8959
8960
8961
8962
8963
8964
8965
8966
8984
8985
8986
8987
8988
8989
9016
9017
9018
9019
9020
9051
9052
9053
9054
9055
9056
9057
9058
9059
9080
9081
9082
9083
9084
9085
9086
9087
9088
9119
9120
9121
9122
9123
9124
9125
9150
9151
9152
9153
9154
9155
9189
9190
9191
9192
9218
9219
9220
9221
9250
9251
9252
9253
9278
9279
9280
9281
9282
9283
9284
9314
9315
9316
9338
9339
9340
9341
9342
9343
9344
9345
9346
9347
9348
9349
9350
9375
9376
9377
9378
9379
9380
9381
9382
9400
9401
9424
9425
9451
9452
9480
9481
9513
9514
9550
9551
9574
9575
9600
9601
9627
9628
9650
9651
9680
9681
9722
9723
9724
