5454
5455
5456
5457
5475
5476
5477
5478
5494
5495
5496
5497
5498
5512
5513
5514
5515
5516
5535
5536
5537
5538
5539
5540
5541
5562
5563
5564
5565
5586
5587
5588
5589
5613
5614
5615
5616
5643
5644
5645
5646
5672
5673
5674
5675
5703
5704
5705
5706
5707
5708
5709
5710
5711
5712
5713
5714
5715
5716
5717
5718
5738
5739
5740
5741
5742
5743
5744
5745
5746
5747
5748
5771
5772
5773
5774
5775
5776
5777
5778
5799
5800
5801
5802
5803
5804
5805
5806
5807
5808
5809
5810
5835
5836
5837
5838
5839
5840
5870
5871
5872
5873
5874
5903
5904
5905
5906
5907
5932
5933
5934
5935
5936
5959
5960
5961
5982
5983
5984
5985
6010
6011
6012
6013
6036
6037
6038
6039
6066
6067
6068
6069
6098
6099
6100
6101
6102
6103
6104
6105
6106
6107
6108
6109
6110
6111
6112
6113
6114
6146
6147
6148
6149
6150
6151
6152
6178
6179
6180
6181
6182
6183
6184
6185
6186
6187
6188
6189
6190
6191
6192
6193
6213
6214
6215
6216
6217
6218
6244
6245
6246
6247
6248
6249
6287
6288
6289
6290
6291
6292
6318
6319
6320
6321
6322
6350
6351
6352
6353
6354
6375
6376
6377
6378
6379
6401
6402
6403
6404
6405
6428
6429
6430
6431
6432
6455
6456
6457
6458
6459
6478
6479
6480
6481
6482
6483
6484
6513
6514
6515
6516
6517
6518
6519
6520
6543
6544
6545
6546
6547
6548
6549
6581
6582
6583
6584
6585
6586
6587
6618
6619
6620
6621
6622
6623
6624
6642
6643
6644
6645
6646
6647
6648
6665
6666
6667
6668
6669
6670
6671
6672
6686
6687
6688
6689
6690
6691
6692
6693
6694
6707
6708
6709
6710
6711
6712
6713
6714
6715
6716
6751
6752
6753
6754
6755
6756
6757
6758
6759
6760
6793
6794
6795
6796
6797
6798
6799
6800
6801
6802
6803
6827
6828
6829
6830
6831
6832
6833
6834
6835
6836
6837
6838
6839
6859
6860
6861
6862
6863
6864
6865
6866
6867
6868
6869
6870
6871
6889
6890
6891
6892
6893
6894
6914
6915
6916
6917
6918
6919
6938
6939
6940
6941
6942
6964
6965
6966
6967
6968
6996
6997
6998
6999
7000
7001
7037
7038
7039
7040
7041
7082
7083
7084
7085
7086
7087
7116
7117
7118
7119
7120
7154
7155
7156
7157
7186
7187
7188
7189
7213
7214
7215
7216
7241
7242
7243
7244
7245
7246
7247
7248
7249
7250
7273
7274
7275
7276
7277
7278
7309
7310
7311
7312
7313
7339
7340
7341
7342
7343
7371
7372
7373
7374
7375
7376
7377
7378
7379
7380
7381
7382
7383
7384
7385
7386
7416
7417
7418
7419
7420
7421
7422
7423
7424
7425
7426
7427
7428
7429
7430
7431
7461
7462
7463
7464
7465
7466
7493
7494
7495
7496
7497
7519
7520
7521
7522
7523
7547
7548
7549
7550
7576
7577
7578
7579
7606
7607
7608
7609
7633
7634
7635
7663
7664
7689
7690
7713
7714
7746
7747
7784
7785
7821
7822
7860
7889
7920
7921
7951
7952
7983
7984
7985
8023
8024
8062
8063
8087
8088
8112
8138
8139
8140
8167
8168
8187
8188
8189
8190
8191
8206
8207
8232
8233
8252
8253
8254
8276
8277
8278
8314
8315
8316
8317
8318
8349
8350
8351
8352
8353
8354
8355
8356
8383
8384
8385
8386
8387
8388
8389
8390
8391
8392
8393
8426
8427
8428
8429
8430
8431
8432
8433
8434
8435
8436
8475
8476
8477
8478
8479
8480
8481
8482
8483
8484
8485
8515
8516
8517
8518
8519
8546
8547
8548
8549
8550
8551
8552
8553
8554
8601
8602
8603
8604
8605
8606
8607
8608
8609
8610
8611
8612
8613
8614
8648
8649
8650
8651
8652
8653
8654
8655
8680
8681
8682
8683
8684
8685
8708
8709
8710
8711
8733
8734
8735
8736
8756
8757
8758
8759
8760
8761
8783
8784
8785
8786
8787
8809
8810
8811
8812
8813
8814
8836
8837
8838
8839
8840
8841
8875
8876
8877
8878
8879
8909
8910
8911
8912
8913
8946
8947
8948
8949
8950
8972
8973
8974
8975
9004
9005
9006
9007
9008
9034
9035
9036
9037
9065
9066
9067
9068
9105
9106
9107
9108
9138
9139
9140
9141
9177
9178
9179
9180
9206
9207
9208
9209
9233
9234
9235
9236
9267
9268
9269
9270
9302
9303
9304
9305
9306
9324
9325
9326
9327
9328
9364
9365
9366
9390
9391
9410
9411
9412
