3647
3648
3649
3650
3651
3652
3653
3654
3655
3656
3657
3658
3671
3672
3673
3674
3675
3676
3677
3678
3679
3680
3681
3682
3683
3684
3699
3700
3701
3702
3703
3704
3705
3706
3707
3738
3739
3740
3741
3742
3743
3744
3745
3746
3747
3748
3749
3767
3768
3769
3770
3771
3789
3790
3791
3792
3793
3794
3812
3813
3814
3835
3836
3837
3851
3852
3853
3878
3879
3880
3897
3898
3899
3923
3924
3925
3947
3948
3949
3950
3951
3952
3953
3962
3963
3964
3965
3966
3972
3973
3974
3975
3976
3985
3986
3987
3988
3989
3990
3991
3992
3993
3994
3995
3996
4005
4006
4007
4008
4009
4016
4017
4018
4019
4020
4030
4031
4032
4033
4045
4046
4047
4048
4062
4063
4064
4065
4080
4081
4082
4083
4097
4098
4099
4100
4122
4123
4124
4147
4148
4149
4150
4151
4189
4190
4191
4192
4218
4219
4220
4221
4222
4245
4246
4247
4248
4249
4250
4267
4268
4269
4270
4271
4272
4273
4293
4294
4295
4296
4297
4298
4299
4300
4301
4320
4321
4322
4323
4324
4325
4326
4327
4328
4329
4330
4331
4332
4333
4334
4335
4336
4346
4347
4348
4349
4350
4351
4352
4353
4363
4364
4365
4366
4367
4368
4369
4370
4371
4372
4373
4374
4375
4376
4377
4378
4379
4380
4381
4382
4383
4384
4399
4400
4401
4402
4403
4404
4405
4406
4407
4408
4409
4410
4411
4412
4413
4414
4415
4416
4429
4430
4431
4432
4433
4434
4447
4448
4449
4450
4451
4452
4464
4465
4466
4467
4468
4469
4480
4481
4482
4483
4484
4485
4486
4500
4501
4502
4503
4504
4505
4506
4522
4523
4524
4525
4526
4527
4528
4549
4550
4551
4552
4553
4554
4555
4556
4557
4558
4559
4560
4561
4562
4563
4564
4585
4586
4587
4588
4589
4590
4591
4592
4604
4605
4606
4607
4608
4609
4610
4627
4628
4629
4630
4631
4632
4648
4649
4650
4651
4652
4653
4666
4667
4668
4669
4670
4671
4672
4687
4688
4689
4690
4691
4692
4706
4707
4708
4709
4710
4711
4712
4713
4714
4735
4736
4737
4738
4739
4740
4757
4758
4759
4760
4761
4782
4783
4784
4785
4786
4787
4804
4805
4806
4807
4827
4828
4829
4830
4852
4853
4854
4855
4897
4898
4899
4900
4901
4902
4926
4927
4928
4929
4948
4949
4950
4951
4952
4972
4973
4974
4975
4976
5004
5005
5006
5007
5008
5009
5035
5036
5037
5038
5053
5054
5055
5056
5069
5070
5071
5072
5086
5087
5088
5089
5090
5104
5105
5106
5107
5108
5109
5128
5129
5130
5131
5132
5133
5146
5147
5148
5149
5162
5163
5164
5165
5180
5181
5182
5183
5184
5185
5186
5187
5201
5202
5203
5204
5205
5218
5219
5220
5232
5233
5234
5235
5248
5249
5250
5251
5252
5253
5270
5271
5272
5273
5274
5275
5276
5277
5278
5279
5280
5307
5308
5309
5310
5311
5312
5324
5325
5326
5337
5338
5339
5349
5350
5351
5362
5363
5364
5381
5382
5383
5400
5401
5402
5419
5420
5436
5437
5458
5459
24872
24880
